+(52) 865 711 3067
+(52) 674 483 4575
+(52) 856 276 9698
+(52) 972 880 2190
+(52) 467 692 9683
+(52) 361 765 3762
+(52) 134 113 8300
+(52) 860 942 2152
+(52) 428 929 9676
+(52) 611 612 2378
+(52) 370 582 2405
+(52) 200 120 3413
+(52) 697 812 7396
+(52) 197 800 9078
+(52) 218 592 9434
+(52) 391 180 2841
+(52) 545 881 9161
+(52) 826 924 6962
+(52) 112 902 3992
+(52) 325 908 1624
+(52) 436 678 3749
+(52) 652 247 3723
+(52) 847 229 9542
+(52) 479 101 2174
+(52) 202 993 1860
+(52) 883 549 9951
+(52) 797 781 9741
+(52) 573 949 1095
+(52) 183 950 1525
+(52) 312 424 9641
+(52) 312 404 1891
+(52) 815 952 2672
+(52) 728 348 2399
+(52) 350 211 7302
+(52) 654 737 2975
+(52) 777 390 9467
+(52) 409 391 4326
+(52) 838 518 1947
+(52) 210 844 9866
+(52) 673 845 2062
+(52) 215 177 8885
+(52) 706 830 8047
+(52) 885 124 9315
+(52) 601 651 6496
+(52) 466 898 8820
+(52) 401 747 5424
+(52) 276 848 3782
+(52) 810 419 9972
+(52) 672 324 5542
+(52) 490 592 2409
+(52) 975 364 9371
+(52) 543 925 1019
+(52) 123 433 3834
+(52) 982 683 9675
+(52) 336 766 9714
+(52) 111 454 8593
+(52) 982 423 9725
+(52) 142 248 1944
+(52) 951 628 1168
+(52) 535 411 3331
+(52) 477 120 7060
+(52) 992 646 1337
+(52) 793 680 8617
+(52) 780 195 9577
+(52) 434 332 3999
+(52) 524 295 4802
+(52) 244 499 8000
+(52) 487 393 7449
+(52) 959 232 6362
+(52) 282 171 9333
+(52) 759 847 7788
+(52) 950 906 2496
+(52) 840 890 7114
+(52) 226 193 9415
+(52) 778 506 1925
+(52) 742 147 6823
+(52) 842 950 5761
+(52) 354 948 5460
+(52) 918 162 4016
+(52) 186 686 1476
+(52) 915 720 4454
+(52) 305 398 5980
+(52) 513 914 8923
+(52) 924 954 7876
+(52) 476 561 4619
+(52) 295 981 6813
+(52) 832 755 6694
+(52) 234 866 6989
+(52) 508 148 8142
+(52) 439 983 4301
+(52) 936 822 7980
+(52) 266 616 2687
+(52) 891 662 1237
+(52) 363 115 8113
+(52) 308 408 1643
+(52) 319 630 1663
+(52) 624 796 3963
+(52) 221 531 8903
+(52) 856 962 9940
+(52) 399 927 5371
+(52) 132 277 5869
+(52) 439 833 8271
+(52) 946 530 8755
+(52) 608 388 5460
+(52) 515 907 2266
+(52) 539 636 7078
+(52) 931 209 4824
+(52) 994 772 5675
+(52) 288 626 3815
+(52) 262 527 7638
+(52) 224 766 8008
+(52) 153 309 6096
+(52) 723 932 2832
+(52) 809 895 6808
+(52) 128 918 2973
+(52) 530 432 5237
+(52) 296 113 4214
+(52) 335 287 5593
+(52) 700 368 3458
+(52) 275 602 4150
+(52) 587 317 9373
+(52) 564 631 8822
+(52) 263 641 3258
+(52) 502 355 8426
+(52) 664 683 9254
+(52) 398 344 2471
+(52) 199 759 1439
+(52) 315 774 9064
+(52) 418 334 3531
+(52) 321 535 4675
+(52) 786 135 5103
+(52) 589 172 9949
+(52) 655 774 5860
+(52) 719 972 5508
+(52) 720 164 9410
+(52) 536 331 4433
+(52) 494 925 8630
+(52) 224 842 4883
+(52) 375 988 9582
+(52) 800 168 9862
+(52) 885 253 8355
+(52) 344 116 4647
+(52) 524 274 5842
+(52) 604 348 9322
+(52) 843 101 3828
+(52) 540 687 1218
+(52) 228 828 2027
+(52) 457 571 1494
+(52) 482 632 5140
+(52) 722 901 3887
+(52) 323 864 1675
+(52) 662 814 3969
+(52) 538 619 1776
+(52) 103 708 7509
+(52) 764 421 7929
+(52) 477 522 1606
+(52) 184 204 9778
+(52) 819 472 7936
+(52) 111 997 6430
+(52) 376 588 3443
+(52) 201 279 4434
+(52) 417 610 1427
+(52) 257 630 1216
+(52) 514 575 5156
+(52) 229 422 8366
+(52) 877 952 9429
+(52) 878 518 8533
+(52) 308 984 8777
+(52) 871 152 5380
+(52) 551 872 6455
+(52) 130 368 7429
+(52) 671 677 8494
+(52) 179 256 9414
+(52) 842 143 1639
+(52) 917 983 9475
+(52) 179 464 9177
+(52) 979 248 8228
+(52) 901 413 5277
+(52) 503 878 4388
+(52) 449 775 3595
+(52) 294 543 1785
+(52) 144 127 4661
+(52) 749 761 3317
+(52) 785 722 8248
+(52) 767 107 3931
+(52) 166 547 1583
+(52) 712 162 8390
+(52) 858 184 4142
+(52) 159 280 7032
+(52) 273 750 7513
+(52) 491 554 3306
+(52) 645 837 8292
+(52) 397 573 6643
+(52) 789 843 6402
+(52) 361 863 5977
+(52) 581 625 7771
+(52) 140 253 7484
+(52) 914 818 8194
+(52) 600 465 7993
+(52) 681 774 5606
+(52) 835 885 3218
+(52) 962 912 1485
+(52) 684 513 6419
+(52) 784 566 7824
+(52) 832 322 9267
+(52) 250 878 3946
+(52) 222 502 4698
+(52) 804 891 8974
+(52) 701 785 2169
+(52) 172 920 1175
+(52) 725 865 2497
+(52) 882 357 6045
+(52) 720 874 2908
+(52) 488 657 5498
+(52) 743 591 9192
+(52) 863 621 6099
+(52) 570 880 4202
+(52) 812 656 5170
+(52) 160 484 4834
+(52) 781 728 3534
+(52) 187 998 1120
+(52) 868 539 8964
+(52) 232 687 7321
+(52) 691 445 7990
+(52) 295 577 5103
+(52) 164 976 1896
+(52) 151 236 6263
+(52) 952 490 7096
+(52) 377 984 7075
+(52) 152 357 1789
+(52) 618 173 5038
+(52) 137 260 1891
+(52) 722 494 9852
+(52) 614 372 1763
+(52) 785 968 2963
+(52) 826 566 7109
+(52) 660 856 7305
+(52) 933 958 8718
+(52) 960 576 3891
+(52) 104 614 3916
+(52) 819 354 7347
+(52) 837 107 3091
+(52) 554 384 4568
+(52) 688 774 9599
+(52) 580 207 6066
+(52) 139 851 7727
+(52) 364 107 4633
+(52) 673 402 4760
+(52) 290 783 1199
+(52) 162 926 7047
+(52) 573 696 1845
+(52) 381 295 7328
+(52) 844 434 2858
+(52) 406 391 5100
+(52) 233 470 5657
+(52) 257 483 1938
+(52) 474 120 6888
+(52) 392 313 4468
+(52) 957 565 1415
+(52) 846 440 9464
+(52) 807 848 7020
+(52) 254 141 8876
+(52) 688 612 1333
+(52) 247 330 7928
+(52) 754 270 3240
+(52) 722 367 1547
+(52) 513 819 7945
+(52) 881 895 8765
+(52) 559 139 6112
+(52) 472 795 2833
+(52) 782 453 1419
+(52) 476 379 5515
+(52) 907 718 1625
+(52) 566 904 9236
+(52) 564 349 2866
+(52) 460 753 4019
+(52) 550 779 9855
+(52) 436 269 4046
+(52) 293 144 3545
+(52) 679 163 3796
+(52) 342 495 1617
+(52) 684 487 6403
+(52) 778 915 6183
+(52) 502 965 7395
+(52) 947 160 7399
+(52) 229 854 3904
+(52) 525 891 1702
+(52) 312 960 6979
+(52) 850 874 3694
+(52) 563 233 8010
+(52) 711 667 9122
+(52) 277 378 1911
+(52) 537 624 2023
+(52) 585 209 3754
+(52) 388 770 4439
+(52) 129 116 8083
+(52) 855 255 4222
+(52) 954 919 4214
+(52) 574 314 5339
+(52) 375 135 1620
+(52) 136 903 8211
+(52) 232 902 5390
+(52) 885 855 7720
+(52) 943 687 9294
+(52) 207 874 6033
+(52) 324 337 8462
+(52) 727 770 6997
+(52) 643 498 9590
+(52) 590 647 3201
+(52) 875 271 1842
+(52) 188 609 5093
+(52) 425 409 6185
+(52) 930 690 1067
+(52) 734 308 6347
+(52) 667 893 8899
+(52) 600 404 4888
+(52) 829 283 9199
+(52) 586 117 2252
+(52) 796 482 2171
+(52) 319 108 9227
+(52) 194 187 4516
+(52) 733 320 2310
+(52) 680 960 3610
+(52) 381 503 1411
+(52) 599 672 7249
+(52) 820 983 4186
+(52) 881 730 7429
+(52) 901 848 8569
+(52) 463 326 6141
+(52) 428 448 5051
+(52) 608 935 8044
+(52) 160 138 7266
+(52) 943 888 8166
+(52) 101 225 3471
+(52) 949 994 7552
+(52) 303 713 1061
+(52) 742 216 8647
+(52) 706 176 8609
+(52) 566 212 7647
+(52) 150 357 5195
+(52) 916 525 9200
+(52) 847 432 1837
+(52) 277 799 3031
+(52) 646 234 5157
+(52) 902 977 2015
+(52) 135 714 1898
+(52) 207 593 9620
+(52) 469 785 3068
+(52) 663 653 1926
+(52) 577 872 8214
+(52) 606 973 9811
+(52) 963 614 6236
+(52) 633 513 9377
+(52) 931 950 7840
+(52) 367 135 6531
+(52) 578 267 2996
+(52) 133 259 5979
+(52) 998 470 3746
+(52) 178 807 6377
+(52) 949 985 4224
+(52) 929 467 3433
+(52) 912 955 3982
+(52) 447 586 2288
+(52) 475 314 9764
+(52) 994 326 4392
+(52) 856 255 9193
+(52) 516 659 2441
+(52) 873 349 4527
+(52) 622 469 3409
+(52) 427 639 5217
+(52) 985 166 6025
+(52) 413 556 2029
+(52) 971 560 3300
+(52) 191 325 3341
+(52) 356 219 4722
+(52) 350 533 6941
+(52) 551 263 2337
+(52) 904 622 7210
+(52) 387 500 3865
+(52) 476 511 6696
+(52) 361 429 2779
+(52) 546 542 7499
+(52) 545 132 5289
+(52) 421 736 5585
+(52) 197 737 5395
+(52) 789 589 7492
+(52) 604 423 6736
+(52) 651 377 7186
+(52) 182 486 1929
+(52) 229 645 7409
+(52) 567 753 3867
+(52) 691 802 3941
+(52) 589 228 8767
+(52) 872 682 4833
+(52) 357 442 6373
+(52) 762 794 7869
+(52) 280 637 5349
+(52) 618 474 2381
+(52) 520 526 8784
+(52) 280 523 2610
+(52) 130 679 2419
+(52) 550 561 9635
+(52) 106 132 6526
+(52) 501 179 1345
+(52) 704 955 1270
+(52) 314 413 1028
+(52) 918 215 5423
+(52) 523 541 6975
+(52) 523 182 4975
+(52) 647 558 9680
+(52) 810 946 7626
+(52) 145 764 6716
+(52) 493 996 1517
+(52) 271 225 5325
+(52) 422 393 7342
+(52) 983 420 8393
+(52) 582 531 4528
+(52) 911 376 9834
+(52) 551 387 6766
+(52) 947 266 8859
+(52) 795 975 7732
+(52) 960 203 8761
+(52) 405 956 1550
+(52) 917 758 3540
+(52) 558 130 9427
+(52) 794 635 7089
+(52) 532 328 1855
+(52) 825 324 8479
+(52) 154 681 3704
+(52) 717 276 1735
+(52) 381 898 6751
+(52) 625 294 5167
+(52) 464 904 4404
+(52) 449 358 3860
+(52) 908 818 3641
+(52) 220 809 9708
+(52) 887 932 1185
+(52) 344 425 3221
+(52) 926 633 8312
+(52) 220 372 3306
+(52) 631 761 1353
+(52) 604 748 1731
+(52) 405 967 9465
+(52) 314 330 8946
+(52) 997 260 8251
+(52) 217 544 3523
+(52) 190 363 7836
+(52) 247 842 5304
+(52) 527 137 1931
+(52) 537 873 5961
+(52) 402 441 1250
+(52) 338 776 1042
+(52) 494 371 2898
+(52) 442 886 1494
+(52) 688 942 1685
+(52) 764 746 2396
+(52) 468 710 3846
+(52) 566 883 1932
+(52) 403 977 1539
+(52) 270 122 9968
+(52) 533 485 1644
+(52) 142 877 2149
+(52) 174 858 4877
+(52) 303 589 9736
+(52) 830 853 2912
+(52) 813 581 1366
+(52) 862 866 1139
+(52) 376 185 9208
+(52) 214 819 9023
+(52) 275 821 7266
+(52) 697 215 2297
+(52) 812 963 5237
+(52) 631 624 2020
+(52) 843 444 9135
+(52) 128 437 9568
+(52) 942 854 3673
+(52) 836 842 8527
+(52) 984 736 9729
+(52) 322 290 9860
+(52) 795 222 5910
+(52) 481 477 8873
+(52) 787 211 9079
+(52) 296 829 4260
+(52) 762 745 3698
+(52) 495 593 2638
+(52) 829 810 8247
+(52) 869 461 3037
+(52) 473 378 5681
+(52) 312 409 7360
+(52) 639 612 8027
+(52) 606 282 7047
+(52) 813 839 1464
+(52) 470 672 3798
+(52) 650 332 1671
+(52) 501 180 9474
+(52) 113 138 1365
+(52) 765 537 4454
+(52) 539 199 3224
+(52) 883 377 9839
+(52) 429 186 2341
+(52) 140 239 3210
+(52) 966 965 4264
+(52) 179 623 3676
+(52) 678 206 2736
+(52) 813 530 1196
+(52) 921 875 3232
+(52) 783 900 6453
+(52) 229 505 4980
+(52) 851 979 1543
+(52) 393 779 4666
+(52) 592 616 3875
+(52) 520 779 3599
+(52) 505 443 5217
+(52) 861 453 8163
+(52) 126 936 5092
+(52) 384 973 5108
+(52) 365 134 5097
+(52) 829 453 5949
+(52) 181 865 6368
+(52) 529 728 8181
+(52) 308 954 4748
+(52) 488 679 7626
+(52) 517 625 2089
+(52) 700 910 1794
+(52) 713 247 4118
+(52) 831 347 9897
+(52) 594 253 7617
+(52) 273 349 5600
+(52) 377 897 1473
+(52) 380 451 2080
+(52) 788 314 9790
+(52) 226 582 1612
+(52) 722 293 1800
+(52) 114 435 9382
+(52) 254 334 5301
+(52) 779 260 6227
+(52) 233 106 5795
+(52) 174 816 7572
+(52) 100 320 2919
+(52) 938 841 1533
+(52) 103 500 8167
+(52) 302 334 6650
+(52) 957 700 5287
+(52) 781 932 9558
+(52) 591 334 5809
+(52) 470 645 1662
+(52) 455 564 2269
+(52) 283 460 1501
+(52) 846 113 8949
+(52) 131 442 3026
+(52) 187 880 5542
+(52) 728 183 3432
+(52) 403 626 1846
+(52) 992 564 9343
+(52) 839 776 9454
+(52) 355 234 7221
+(52) 766 259 1045
+(52) 656 782 5681
+(52) 549 275 9514
+(52) 198 313 6357
+(52) 566 557 5834
+(52) 755 690 5150
+(52) 559 982 6590
+(52) 365 468 4678
+(52) 398 293 7648
+(52) 121 740 2824
+(52) 738 658 6608
+(52) 568 557 1851
+(52) 915 304 3495
+(52) 212 692 8667
+(52) 598 602 3366
+(52) 221 784 2035
+(52) 661 688 9789
+(52) 548 561 2686
+(52) 654 932 6854
+(52) 918 261 4679
+(52) 658 798 4676
+(52) 752 761 7232
+(52) 422 363 9722
+(52) 922 462 9404
+(52) 740 691 9563
+(52) 676 977 1119
+(52) 589 860 8187
+(52) 794 390 9182
+(52) 992 920 8420
+(52) 806 176 5687
+(52) 641 759 7351
+(52) 314 892 1508
+(52) 600 645 5968
+(52) 168 915 8935
+(52) 238 140 3263
+(52) 500 724 4136
+(52) 685 303 2165
+(52) 997 842 4712
+(52) 303 571 4772
+(52) 400 450 3467
+(52) 467 777 3579
+(52) 808 773 2676
+(52) 342 687 6883
+(52) 455 815 1108
+(52) 121 204 7333
+(52) 263 467 1116
+(52) 828 856 1024
+(52) 703 311 7637
+(52) 627 737 1590
+(52) 992 561 1822
+(52) 215 684 4254
+(52) 519 509 1908
+(52) 377 771 6047
+(52) 398 356 9023
+(52) 932 844 9128
+(52) 134 937 1468
+(52) 488 959 4747
+(52) 785 487 3838
+(52) 591 559 4858
+(52) 587 966 9737
+(52) 255 614 8568
+(52) 883 380 6964
+(52) 246 823 1822
+(52) 825 256 4132
+(52) 775 602 9862
+(52) 377 476 3655
+(52) 690 846 5685
+(52) 362 311 5608
+(52) 630 101 4462
+(52) 814 486 5248
+(52) 411 960 7077
+(52) 521 850 9173
+(52) 636 349 1992
+(52) 988 154 3636
+(52) 321 624 3838
+(52) 693 588 9284
+(52) 301 249 1321
+(52) 965 233 3120
+(52) 786 316 7206
+(52) 514 115 6740
+(52) 119 533 9607
+(52) 703 409 9700
+(52) 680 147 5607
+(52) 306 362 9333
+(52) 932 421 2369
+(52) 313 559 3289
+(52) 614 865 5140
+(52) 350 287 5050
+(52) 380 477 1373
+(52) 544 487 7779
+(52) 626 607 2583
+(52) 232 163 3549
+(52) 387 993 6324
+(52) 463 734 8819
+(52) 408 775 9809
+(52) 802 455 4923
+(52) 647 723 5948
+(52) 211 583 4879
+(52) 600 322 3406
+(52) 209 376 5024
+(52) 316 500 1711
+(52) 562 902 3187
+(52) 580 941 3709
+(52) 901 108 4298
+(52) 292 608 4375
+(52) 120 977 1290
+(52) 524 256 5026
+(52) 271 542 1905
+(52) 521 670 3882
+(52) 210 358 5852
+(52) 382 643 3827
+(52) 832 199 1847
+(52) 659 882 8012
+(52) 513 183 5708
+(52) 860 750 7632
+(52) 164 115 9307
+(52) 405 690 8528
+(52) 626 728 3570
+(52) 447 219 9368
+(52) 849 824 2548
+(52) 897 565 2840
+(52) 805 510 4706
+(52) 195 741 2702
+(52) 150 889 3087
+(52) 497 763 3258
+(52) 241 568 8625
+(52) 636 728 5232
+(52) 273 244 5370
+(52) 924 861 1385
+(52) 106 825 1883
+(52) 234 474 4250
+(52) 922 474 3589
+(52) 835 340 8542
+(52) 322 311 9955
+(52) 474 257 3290
+(52) 673 593 2162
+(52) 410 954 3336
+(52) 409 799 7287
+(52) 134 315 2851
+(52) 536 909 5735
+(52) 303 991 2868
+(52) 253 199 7502
+(52) 195 572 2006
+(52) 462 204 4738
+(52) 111 318 3591
+(52) 572 505 6218
+(52) 372 988 4633
+(52) 909 957 1256
+(52) 892 491 5368
+(52) 946 274 3259
+(52) 375 479 5954
+(52) 663 305 2190
+(52) 859 898 1699
+(52) 150 174 9938
+(52) 827 590 9128
+(52) 387 926 8729
+(52) 295 175 6997
+(52) 888 646 3308
+(52) 484 743 2416
+(52) 473 692 7354
+(52) 280 853 3372
+(52) 789 110 5879
+(52) 671 124 5597
+(52) 594 418 1955
+(52) 703 207 2927
+(52) 596 707 2317
+(52) 381 347 4388
+(52) 228 878 9937
+(52) 920 676 3267
+(52) 190 677 8184
+(52) 522 166 9370
+(52) 341 869 6127
+(52) 124 853 1335
+(52) 550 105 7911
+(52) 685 447 7061
+(52) 981 106 2287
+(52) 683 963 3110
+(52) 208 812 2910
+(52) 566 874 5222
+(52) 641 607 5019
+(52) 320 143 7335
+(52) 393 323 6458
+(52) 328 518 4823
+(52) 274 783 5269
+(52) 155 431 4494
+(52) 145 240 3986
+(52) 830 662 2502
+(52) 691 228 7551
+(52) 162 684 9226
+(52) 272 567 5243
+(52) 310 325 7243
+(52) 946 435 2619
+(52) 841 632 3183
+(52) 445 245 3421
+(52) 797 262 9206
+(52) 508 424 5809
+(52) 230 516 1148
+(52) 263 705 4982
+(52) 758 344 4192
+(52) 866 812 6156
+(52) 645 986 2522
+(52) 357 107 1420
+(52) 341 217 9304
+(52) 782 604 3132
+(52) 608 384 9446
+(52) 647 547 7308
+(52) 793 765 8387
+(52) 530 354 9378
+(52) 586 206 6159
+(52) 632 224 2476
+(52) 367 698 2068
+(52) 917 754 6693
+(52) 874 785 9320
+(52) 554 485 3972
+(52) 332 495 1001
+(52) 698 287 3342
+(52) 432 954 3775
+(52) 615 445 4701
+(52) 347 350 8383
+(52) 347 551 4947
+(52) 472 260 8878
+(52) 962 219 6988
+(52) 178 491 7401
+(52) 674 804 8261
+(52) 369 291 9039
+(52) 450 714 9720
+(52) 538 775 7224
+(52) 756 759 1395
+(52) 216 708 2335
+(52) 699 158 7183
+(52) 691 921 5941
+(52) 143 527 9790
+(52) 727 482 2168
+(52) 644 382 2320
+(52) 868 104 3517
+(52) 316 399 1964
+(52) 104 527 1089
+(52) 516 603 7668
+(52) 152 283 3903
+(52) 942 882 6242
+(52) 501 253 6897
+(52) 616 727 4438
+(52) 962 622 7719
+(52) 764 536 6108
+(52) 812 731 5058
+(52) 659 550 2306
+(52) 525 943 4218
+(52) 299 613 1203
+(52) 882 182 6674
+(52) 476 530 9272
+(52) 108 694 8514
+(52) 791 599 1562
+(52) 661 935 7844
+(52) 218 716 1287
+(52) 600 958 9770
+(52) 377 838 7985
+(52) 284 136 5079
+(52) 423 622 6212
+(52) 992 578 6039
+(52) 662 905 8214
+(52) 192 180 5299
+(52) 936 533 2072
+(52) 798 462 1544
+(52) 661 937 4578
+(52) 481 863 8593
+(52) 995 188 2351
+(52) 440 962 4842
+(52) 592 169 1326
+(52) 459 203 6340
+(52) 849 339 6745
+(52) 852 172 8457
+(52) 150 612 5799
+(52) 488 674 3188
+(52) 392 948 6336
+(52) 289 370 4046
+(52) 918 830 5728
+(52) 264 640 5209
+(52) 988 173 8845
+(52) 423 517 2482
+(52) 328 931 6871
+(52) 492 325 1064
+(52) 683 211 3725
+(52) 449 117 1364
+(52) 196 984 8010
+(52) 318 404 1925
+(52) 170 501 4134
+(52) 875 193 7981
+(52) 374 347 1075
+(52) 799 478 4441
+(52) 665 851 3454
+(52) 988 183 4480
+(52) 521 860 6241
+(52) 854 538 5104
+(52) 564 283 9348
+(52) 571 574 2629
+(52) 289 367 2401
+(52) 375 313 9228
+(52) 604 340 5733
+(52) 385 686 5243
+(52) 213 395 8908
+(52) 297 286 8692
+(52) 269 837 3414
+(52) 356 758 6622
+(52) 409 278 7953
+(52) 541 633 2094
+(52) 710 844 4406
+(52) 903 148 8616
+(52) 447 486 8427
+(52) 769 155 4991
+(52) 220 349 3110
+(52) 466 881 2320
+(52) 584 932 5016
+(52) 586 840 2837
+(52) 183 190 7188
+(52) 213 379 3556
+(52) 140 137 1799
+(52) 406 543 7221
+(52) 710 209 6160
+(52) 868 115 2505
+(52) 802 978 9361
+(52) 468 232 6965
+(52) 105 215 4484
+(52) 852 453 5782
+(52) 935 757 2540
+(52) 570 801 4854
+(52) 507 340 6744
+(52) 489 432 4407
+(52) 443 330 8009
+(52) 223 713 3317
+(52) 461 393 4458
+(52) 508 789 2189
+(52) 217 949 4127
+(52) 863 846 7356
+(52) 579 728 6917
+(52) 748 698 3293
+(52) 149 346 8457
+(52) 534 461 8472
+(52) 711 544 5719
+(52) 643 417 4004
+(52) 532 114 6884
+(52) 535 337 3789
+(52) 359 171 2036
+(52) 564 304 7281
+(52) 388 690 6262
+(52) 653 156 3359
+(52) 662 788 4842
+(52) 237 866 7096
+(52) 928 551 8792
+(52) 223 982 1206
+(52) 767 410 7646
+(52) 422 529 4299
+(52) 401 134 5600
+(52) 421 411 8741
+(52) 186 628 6387
+(52) 916 507 4358
+(52) 395 393 9505
+(52) 723 544 4039
+(52) 614 340 3272
+(52) 808 655 9094
+(52) 250 141 4380
+(52) 608 670 2967
+(52) 773 721 4242
+(52) 103 487 7809
+(52) 829 876 2466
+(52) 667 176 9056
+(52) 517 390 8198
+(52) 469 897 7569
+(52) 116 701 3400
+(52) 208 544 1102
+(52) 148 730 6862
+(52) 357 480 5007
+(52) 249 779 4737
+(52) 773 520 1222
+(52) 248 733 6570
+(52) 916 354 8139
+(52) 564 923 9273
+(52) 356 505 3896
+(52) 614 503 1512
+(52) 582 468 9982
+(52) 252 621 1029
+(52) 320 592 5611
+(52) 168 757 1966
+(52) 383 282 9992
+(52) 533 469 7561
+(52) 178 607 1776
+(52) 640 902 5752
+(52) 114 286 9324
+(52) 948 677 1832
+(52) 189 753 6834
+(52) 702 232 2370
+(52) 932 857 8984
+(52) 791 846 7177
+(52) 727 150 6943
+(52) 867 610 2026
+(52) 283 786 2174
+(52) 929 246 9032
+(52) 268 487 5705
+(52) 703 562 5316
+(52) 663 667 2782
+(52) 716 100 5593
+(52) 717 274 1097
+(52) 147 555 7594
+(52) 784 371 7737
+(52) 771 799 5628
+(52) 627 895 8529
+(52) 905 873 7415
+(52) 682 101 7535
+(52) 733 585 8289
+(52) 161 457 5234
+(52) 893 809 7415
+(52) 851 276 5906
+(52) 176 290 4036
+(52) 893 386 3124
+(52) 517 625 4003
+(52) 182 388 6972
+(52) 347 796 7565
+(52) 721 384 2427
+(52) 607 849 4402
+(52) 814 979 5778
+(52) 169 973 5677
+(52) 563 248 9037
+(52) 986 469 3054
+(52) 230 828 7276
+(52) 894 115 9918
+(52) 312 372 2958
+(52) 423 617 6552
+(52) 664 249 1715
+(52) 563 778 8283
+(52) 514 246 4727
+(52) 864 564 2334
+(52) 411 268 1230
+(52) 813 864 8395
+(52) 713 573 9968
+(52) 490 273 7500
+(52) 102 975 5354
+(52) 269 328 4565
+(52) 742 537 5696
+(52) 832 241 6352
+(52) 180 143 4778
+(52) 959 386 7456
+(52) 626 175 1828
+(52) 554 459 6627
+(52) 358 753 2537
+(52) 767 553 8965
+(52) 700 645 3203
+(52) 337 559 1589
+(52) 883 343 8494
+(52) 792 457 4333
+(52) 852 188 8403
+(52) 489 643 1160
+(52) 891 940 3915
+(52) 352 745 7972
+(52) 419 763 5171
+(52) 152 528 1114
+(52) 394 642 2491
+(52) 919 693 4175
+(52) 978 506 8619
+(52) 292 829 5164
+(52) 631 636 6287
+(52) 359 375 1877
+(52) 649 963 6355
+(52) 665 811 5445
+(52) 592 190 2296
+(52) 507 978 3682
+(52) 521 722 9301
+(52) 577 181 9266
+(52) 325 552 2500
+(52) 977 466 7172
+(52) 848 889 1974
+(52) 917 848 7766
+(52) 308 322 1545
+(52) 720 186 5061
+(52) 322 320 4171
+(52) 524 289 4425
+(52) 878 167 4275
+(52) 115 364 1936
+(52) 871 810 5821
+(52) 109 714 3297
+(52) 629 441 5555
+(52) 465 614 7705
+(52) 121 859 9386
+(52) 838 984 7862
+(52) 977 308 3467
+(52) 139 190 2734
+(52) 813 539 8842
+(52) 715 944 4864
+(52) 534 292 3978
+(52) 706 534 5148
+(52) 112 452 8853
+(52) 200 580 6506
+(52) 439 771 5596
+(52) 985 594 9776
+(52) 240 135 2762
+(52) 506 612 2922
+(52) 801 847 1386
+(52) 598 202 9672
+(52) 183 843 1603
+(52) 121 833 6577
+(52) 954 265 2592
+(52) 245 369 7127
+(52) 908 277 7095
+(52) 695 299 8955
+(52) 510 606 9124
+(52) 905 751 9050
+(52) 431 420 5462
+(52) 223 877 2336
+(52) 370 366 7941
+(52) 755 503 1646
+(52) 491 171 4263
+(52) 192 246 1178
+(52) 420 409 2205
+(52) 968 813 2512
+(52) 585 782 2796
+(52) 187 250 7470
+(52) 708 244 5581
+(52) 138 791 2438
+(52) 377 751 3362
+(52) 919 533 4070
+(52) 702 692 1060
+(52) 919 231 3918
+(52) 790 519 6367
+(52) 694 757 2967
+(52) 662 687 9459
+(52) 781 489 5994
+(52) 354 159 5939
+(52) 770 835 6135
+(52) 377 534 3723
+(52) 799 409 7870
+(52) 542 295 9387
+(52) 104 242 7606
+(52) 399 343 8945
+(52) 856 148 3487
+(52) 619 897 6528
+(52) 124 307 2718
+(52) 807 652 1299
+(52) 540 845 1327
+(52) 917 778 6730
+(52) 821 329 1069
+(52) 497 210 1696
+(52) 697 343 1205
+(52) 328 994 7321
+(52) 163 986 6763
+(52) 380 574 7397
+(52) 378 486 7103
+(52) 339 435 3812
+(52) 253 915 8035
+(52) 759 348 6381
+(52) 583 338 9229
+(52) 627 541 7635
+(52) 625 153 6906
+(52) 294 789 7037
+(52) 530 984 9330
+(52) 942 866 7262
+(52) 553 601 4643
+(52) 762 297 9145
+(52) 103 610 3393
+(52) 966 414 2260
+(52) 896 424 9336
+(52) 566 400 6981
+(52) 875 644 5774
+(52) 996 136 2504
+(52) 518 676 5431
+(52) 947 961 1021
+(52) 331 749 2968
+(52) 701 897 7783
+(52) 496 397 7103
+(52) 401 765 3938
+(52) 899 624 2679
+(52) 248 262 8547
+(52) 593 218 3101
+(52) 832 182 5390
+(52) 528 246 1031
+(52) 619 892 2359
+(52) 533 734 1286
+(52) 543 403 8091
+(52) 356 168 9441
+(52) 629 377 9444
+(52) 405 469 8370
+(52) 467 113 8675
+(52) 383 743 9652
+(52) 389 764 7953
+(52) 807 434 2167
+(52) 441 447 7517
+(52) 812 591 2010
+(52) 857 709 1307
+(52) 845 396 8872
+(52) 584 909 1767
+(52) 424 140 5465
+(52) 584 213 3485
+(52) 753 142 6211
+(52) 951 376 1282
+(52) 987 880 7340
+(52) 433 247 7448
+(52) 689 833 3684
+(52) 475 218 1786
+(52) 630 118 2749
+(52) 115 955 1169
+(52) 915 808 4517
+(52) 797 236 2632
+(52) 306 215 9272
+(52) 766 122 6512
+(52) 168 819 1431
+(52) 301 448 1264
+(52) 291 107 4674
+(52) 869 596 1320
+(52) 212 167 6149
+(52) 802 476 7973
+(52) 963 479 6538
+(52) 222 189 6029
+(52) 244 926 2698
+(52) 340 962 3838
+(52) 159 479 3526
+(52) 431 305 6427
+(52) 610 822 6879
+(52) 583 590 4461
+(52) 603 783 7171
+(52) 141 504 1883
+(52) 192 504 9044
+(52) 540 301 8266
+(52) 901 253 1435
+(52) 546 409 8259
+(52) 943 737 7364
+(52) 738 511 2826
+(52) 585 331 2526
+(52) 860 306 5218
+(52) 292 717 9753
+(52) 104 662 1028
+(52) 405 383 8792
+(52) 533 190 3677
+(52) 766 908 9808
+(52) 566 508 2402
+(52) 973 528 7713
+(52) 403 456 7072
+(52) 309 894 4400
+(52) 780 506 9130
+(52) 651 484 4710
+(52) 343 302 1495
+(52) 174 397 5238
+(52) 595 283 4521
+(52) 702 540 5112
+(52) 909 161 2845
+(52) 448 262 2753
+(52) 350 654 3761
+(52) 938 848 4348
+(52) 297 576 2328
+(52) 980 314 7574
+(52) 295 683 3745
+(52) 513 469 4180
+(52) 138 929 2281
+(52) 971 505 2367
+(52) 730 890 4857
+(52) 301 983 5681
+(52) 608 599 9106
+(52) 167 355 7109
+(52) 771 896 6921
+(52) 263 725 2097
+(52) 224 905 7378
+(52) 678 467 1432
+(52) 592 193 9849
+(52) 766 168 6302
+(52) 173 710 9960
+(52) 953 400 4457
+(52) 759 586 4150
+(52) 196 855 1451
+(52) 263 655 1690
+(52) 673 645 5305
+(52) 995 332 4428
+(52) 241 135 1733
+(52) 236 766 7379
+(52) 823 482 3258
+(52) 897 750 1035
+(52) 524 229 8667
+(52) 483 892 8427
+(52) 156 407 3254
+(52) 207 740 3637
+(52) 623 226 9877
+(52) 219 929 9617
+(52) 962 574 4469
+(52) 550 734 1599
+(52) 890 622 2180
+(52) 342 157 2165
+(52) 644 721 1326
+(52) 506 970 7262
+(52) 938 283 2476
+(52) 743 926 5685
+(52) 534 499 8175
+(52) 278 677 9189
+(52) 849 734 1348
+(52) 351 320 2339
+(52) 344 745 2584
+(52) 874 838 4033
+(52) 162 831 6846
+(52) 236 678 2442
+(52) 242 881 2234
+(52) 574 829 6710
+(52) 725 135 6008
+(52) 375 132 5457
+(52) 799 530 9558
+(52) 394 639 3760
+(52) 984 236 4049
+(52) 890 939 6066
+(52) 917 113 5742
+(52) 962 566 1650
+(52) 409 153 6317
+(52) 758 133 4516
+(52) 519 488 2820
+(52) 617 895 8743
+(52) 400 882 3117
+(52) 568 566 5768
+(52) 868 336 9307
+(52) 317 455 2065
+(52) 877 111 5125
+(52) 520 968 7685
+(52) 417 574 6347
+(52) 159 119 8903
+(52) 372 978 1730
+(52) 902 432 6785
+(52) 758 376 3154
+(52) 173 142 5700
+(52) 372 360 2115
+(52) 546 806 6503
+(52) 888 155 2014
+(52) 394 978 1605
+(52) 359 134 3332
+(52) 589 686 3066
+(52) 790 403 3620
+(52) 598 513 4629
+(52) 898 233 3779
+(52) 300 156 1971
+(52) 690 313 5620
+(52) 921 798 7967
+(52) 878 183 7235
+(52) 961 548 8774
+(52) 179 711 1898
+(52) 521 488 3918
+(52) 575 666 1918
+(52) 615 833 4110
+(52) 393 233 2260
+(52) 852 306 7757
+(52) 429 441 3211
+(52) 429 756 5290
+(52) 760 347 4580
+(52) 970 260 5533
+(52) 543 174 1250
+(52) 644 625 4806
+(52) 537 336 5647
+(52) 901 612 7475
+(52) 286 343 9130
+(52) 342 808 4432
+(52) 220 746 9527
+(52) 707 249 9782
+(52) 571 620 5715
+(52) 884 371 3774
+(52) 286 589 3099
+(52) 624 875 2954
+(52) 411 184 6155
+(52) 707 947 6876
+(52) 782 191 1751
+(52) 135 321 8473
+(52) 119 945 8868
+(52) 210 548 8229
+(52) 676 799 3451
+(52) 560 931 1168
+(52) 418 643 9789
+(52) 264 883 9963
+(52) 184 466 3399
+(52) 167 654 8531
+(52) 355 459 6833
+(52) 230 935 4154
+(52) 527 546 3952
+(52) 789 826 6119
+(52) 747 900 1510
+(52) 440 348 6850
+(52) 988 166 8240
+(52) 258 518 9540
+(52) 527 804 2089
+(52) 458 848 8744
+(52) 921 245 7592
+(52) 921 353 5848
+(52) 292 312 9946
+(52) 553 883 4259
+(52) 789 136 7928
+(52) 654 765 4436
+(52) 672 707 8948
+(52) 257 809 8610
+(52) 424 778 4971
+(52) 774 925 6431
+(52) 630 509 2125
+(52) 125 342 2376
+(52) 995 707 1097
+(52) 317 956 3264
+(52) 730 698 5793
+(52) 224 784 2115
+(52) 881 147 3488
+(52) 609 217 1134
+(52) 386 393 2943
+(52) 628 387 7747
+(52) 746 791 1504
+(52) 988 281 3596
+(52) 948 931 4237
+(52) 741 456 8430
+(52) 440 673 4621
+(52) 537 536 3826
+(52) 166 195 5587
+(52) 112 581 8714
+(52) 242 264 7968
+(52) 716 157 3061
+(52) 757 134 1216
+(52) 410 371 6658
+(52) 455 915 7196
+(52) 278 575 6559
+(52) 285 285 7246
+(52) 716 526 4913
+(52) 601 311 7364
+(52) 689 775 2596
+(52) 269 699 9010
+(52) 679 340 7499
+(52) 823 789 4948
+(52) 191 931 4476
+(52) 321 960 9327
+(52) 117 151 9798
+(52) 102 984 5727
+(52) 952 617 6961
+(52) 215 507 2668
+(52) 339 939 8967
+(52) 897 654 5057
+(52) 425 824 4289
+(52) 223 903 1874
+(52) 920 765 6682
+(52) 242 774 1795
+(52) 580 796 4666
+(52) 133 831 4120
+(52) 546 489 4255
+(52) 557 190 1865
+(52) 303 401 3060
+(52) 346 157 8880
+(52) 277 643 5962
+(52) 931 932 6992
+(52) 218 326 9602
+(52) 795 721 7643
+(52) 881 796 9093
+(52) 445 939 4048
+(52) 195 810 8176
+(52) 553 435 6314
+(52) 909 181 8153
+(52) 389 297 1045
+(52) 955 308 9756
+(52) 756 400 4943
+(52) 819 878 2118
+(52) 223 764 6330
+(52) 645 294 5810
+(52) 717 173 3904
+(52) 642 375 2030
+(52) 151 880 2574
+(52) 340 975 1989
+(52) 194 146 4688
+(52) 490 191 4024
+(52) 602 568 8109
+(52) 469 202 4610
+(52) 980 761 1971
+(52) 814 439 9722
+(52) 915 761 2705
+(52) 889 686 1323
+(52) 957 349 1577
+(52) 659 349 8328
+(52) 484 731 2348
+(52) 579 561 6030
+(52) 962 618 3145
+(52) 536 179 3730
+(52) 860 237 1238
+(52) 314 550 3312
+(52) 521 735 6847
+(52) 782 477 7074
+(52) 278 521 9826
+(52) 140 642 3214
+(52) 970 672 9427
+(52) 695 598 4783
+(52) 610 127 5349
+(52) 376 563 1015
+(52) 972 641 3483
+(52) 835 429 6812
+(52) 524 694 2927
+(52) 231 697 7954
+(52) 953 733 8123
+(52) 684 254 3296
+(52) 692 647 8115
+(52) 867 232 4076
+(52) 979 924 2977
+(52) 423 979 9761
+(52) 908 225 7912
+(52) 660 309 9404
+(52) 696 978 8903
+(52) 530 373 9390
+(52) 105 671 3860
+(52) 135 476 8225
+(52) 110 154 9945
+(52) 923 530 4309
+(52) 113 372 2758
+(52) 997 336 9219
+(52) 752 643 1939
+(52) 511 323 9580
+(52) 774 456 8211
+(52) 637 817 5638
+(52) 159 678 7421
+(52) 956 466 4397
+(52) 369 158 1759
+(52) 661 692 4569
+(52) 728 892 3431
+(52) 153 952 9903
+(52) 781 654 4384
+(52) 562 222 4774
+(52) 482 535 8818
+(52) 875 978 3873
+(52) 780 517 9484
+(52) 158 444 9597
+(52) 933 440 4312
+(52) 280 866 9132
+(52) 514 143 2222
+(52) 613 827 9174
+(52) 450 529 6920
+(52) 976 517 4368
+(52) 917 161 8946
+(52) 217 460 6795
+(52) 365 460 1252
+(52) 123 549 5589
+(52) 835 352 8684
+(52) 748 739 5111
+(52) 750 706 4271
+(52) 128 292 9563
+(52) 983 242 9082
+(52) 729 706 2668
+(52) 497 876 7733
+(52) 436 682 7796
+(52) 547 570 1325
+(52) 344 172 9723
+(52) 666 487 3694
+(52) 373 263 5136
+(52) 845 917 9909
+(52) 547 372 3437
+(52) 760 891 5741
+(52) 385 959 6535
+(52) 351 989 5232
+(52) 955 735 6376
+(52) 813 755 9882
+(52) 672 450 6285
+(52) 987 529 9428
+(52) 116 242 1231
+(52) 792 236 5297
+(52) 553 405 5751
+(52) 727 345 1198
+(52) 651 983 7671
+(52) 848 753 2094
+(52) 302 233 1123
+(52) 309 673 1009
+(52) 441 882 4283
+(52) 654 752 9153
+(52) 986 210 3171
+(52) 375 696 9453
+(52) 664 168 8991
+(52) 771 690 8338
+(52) 126 824 7423
+(52) 883 996 8261
+(52) 158 595 9322
+(52) 550 532 9358
+(52) 612 415 6915
+(52) 739 836 7816
+(52) 490 804 4152
+(52) 685 139 4587
+(52) 525 493 1967
+(52) 315 879 4283
+(52) 193 966 3393
+(52) 648 998 4558
+(52) 637 768 2804
+(52) 944 824 1639
+(52) 749 956 1295
+(52) 159 541 3196
+(52) 469 190 1538
+(52) 916 299 6557
+(52) 990 635 2272
+(52) 226 330 2631
+(52) 546 633 5129
+(52) 828 143 8353
+(52) 272 621 4129
+(52) 629 981 7764
+(52) 746 575 2066
+(52) 128 127 8821
+(52) 388 923 8113
+(52) 387 441 2196
+(52) 732 332 8656
+(52) 770 566 1584
+(52) 141 603 6177
+(52) 304 423 9717
+(52) 597 973 2302
+(52) 174 812 6574
+(52) 512 728 4913
+(52) 805 290 3376
+(52) 176 989 1310
+(52) 984 893 2553
+(52) 415 428 2090
+(52) 970 256 2171
+(52) 722 298 9479
+(52) 940 867 8104
+(52) 738 495 6799
+(52) 103 987 1790
+(52) 810 650 9211
+(52) 725 440 6898
+(52) 192 880 7261
+(52) 992 563 7330
+(52) 836 590 2228
+(52) 179 509 6631
+(52) 256 681 1777
+(52) 620 258 1755
+(52) 154 676 7537
+(52) 870 783 4398
+(52) 207 996 2068
+(52) 852 438 4358
+(52) 442 296 5099
+(52) 541 291 4770
+(52) 251 451 3382
+(52) 578 774 2584
+(52) 768 330 4680
+(52) 525 881 9625
+(52) 637 171 8170
+(52) 101 236 2159
+(52) 244 300 3357
+(52) 496 754 1994
+(52) 715 229 9190
+(52) 871 148 9454
+(52) 781 707 9040
+(52) 504 332 4287
+(52) 227 115 8833
+(52) 679 404 8835
+(52) 383 519 7264
+(52) 271 399 9458
+(52) 538 614 8008
+(52) 822 368 1228
+(52) 713 969 8680
+(52) 447 536 3894
+(52) 353 126 1884
+(52) 851 734 9493
+(52) 933 998 1157
+(52) 346 424 1980
+(52) 803 327 5128
+(52) 971 366 6992
+(52) 199 156 7072
+(52) 648 377 3086
+(52) 288 783 2952
+(52) 363 449 4945
+(52) 791 325 7781
+(52) 116 889 7906
+(52) 196 111 1571
+(52) 414 927 5464
+(52) 310 917 5105
+(52) 193 357 6119
+(52) 147 708 5849
+(52) 330 259 6806
+(52) 745 596 2351
+(52) 318 545 3169
+(52) 906 731 6477
+(52) 974 557 5726
+(52) 799 295 5858
+(52) 839 531 3425
+(52) 634 346 9719
+(52) 883 139 9731
+(52) 516 976 8090
+(52) 936 477 3062
+(52) 471 276 3663
+(52) 225 391 5749
+(52) 354 126 9155
+(52) 971 101 2432
+(52) 220 339 3953
+(52) 228 954 6709
+(52) 802 125 7736
+(52) 922 623 8579
+(52) 616 756 7915
+(52) 862 443 9288
+(52) 533 928 2973
+(52) 412 697 2484
+(52) 284 103 7786
+(52) 894 180 9190
+(52) 242 991 4908
+(52) 198 122 5776
+(52) 606 356 4386
+(52) 150 308 7515
+(52) 405 393 8027
+(52) 861 958 4649
+(52) 446 504 9412
+(52) 301 137 7722
+(52) 592 220 9638
+(52) 640 536 6262
+(52) 257 869 6493
+(52) 940 508 9387
+(52) 266 584 7511
+(52) 700 648 1535
+(52) 142 494 3221
+(52) 804 137 9258
+(52) 571 826 7961
+(52) 214 700 6199
+(52) 335 432 2462
+(52) 660 854 4226
+(52) 774 558 9885
+(52) 691 715 8659
+(52) 346 867 9687
+(52) 693 152 9799
+(52) 944 636 6875
+(52) 641 320 7349
+(52) 200 744 7973
+(52) 420 884 3133
+(52) 566 371 4868
+(52) 337 355 7166
+(52) 995 523 6392
+(52) 106 809 5718
+(52) 667 341 5191
+(52) 341 480 1428
+(52) 351 368 2697
+(52) 541 608 4940
+(52) 529 656 7034
+(52) 648 960 8071
+(52) 495 613 9686
+(52) 508 105 1670
+(52) 973 263 1847
+(52) 814 418 6361
+(52) 245 793 9411
+(52) 803 668 2758
+(52) 749 971 1160
+(52) 313 660 3045
+(52) 685 213 2133
+(52) 916 995 8531
+(52) 305 337 6144
+(52) 728 130 6327
+(52) 157 951 9482
+(52) 860 703 4254
+(52) 639 952 5597
+(52) 563 811 3147
+(52) 788 838 2380
+(52) 918 111 5620
+(52) 482 347 6356
+(52) 228 389 4289
+(52) 866 403 7936
+(52) 227 491 2515
+(52) 623 688 6504
+(52) 701 117 3420
+(52) 257 242 3428
+(52) 893 625 8252
+(52) 677 556 1733
+(52) 200 504 4900
+(52) 108 363 8799
+(52) 924 611 3191
+(52) 210 370 4962
+(52) 218 127 9154
+(52) 327 176 9444
+(52) 947 655 3981
+(52) 585 442 1389
+(52) 248 955 1969
+(52) 605 232 1618
+(52) 333 448 6905
+(52) 905 128 3135
+(52) 186 766 3079
+(52) 563 986 7497
+(52) 316 524 8966
+(52) 142 761 2293
+(52) 966 575 3131
+(52) 487 833 2844
+(52) 342 905 1135
+(52) 262 993 2876
+(52) 787 569 8019
+(52) 745 884 5306
+(52) 979 811 1930
+(52) 509 186 8552
+(52) 199 745 2678
+(52) 224 135 5775
+(52) 271 177 6765
+(52) 823 569 8372
+(52) 924 262 6625
+(52) 453 788 8498
+(52) 394 677 1731
+(52) 458 750 2574
+(52) 238 311 5694
+(52) 241 731 4238
+(52) 488 189 1743
+(52) 962 545 4676
+(52) 795 293 5239
+(52) 263 225 7906
+(52) 530 848 2412
+(52) 326 379 1746
+(52) 270 113 5389
+(52) 155 279 5397
+(52) 852 738 9954
+(52) 428 109 6060
+(52) 931 768 1057
+(52) 371 252 5050
+(52) 594 374 4694
+(52) 184 205 7784
+(52) 546 723 1521
+(52) 483 470 7946
+(52) 754 932 3512
+(52) 292 620 4716
+(52) 105 529 5630
+(52) 447 898 2452
+(52) 828 735 7287
+(52) 556 574 4519
+(52) 474 876 3458
+(52) 487 596 5754
+(52) 556 526 7398
+(52) 316 599 9336
+(52) 206 552 8381
+(52) 840 717 8113
+(52) 747 409 4008
+(52) 285 323 4749
+(52) 379 207 1671
+(52) 949 262 2834
+(52) 721 936 7256
+(52) 191 186 6007
+(52) 653 739 7465
+(52) 715 136 5959
+(52) 319 519 8033
+(52) 377 994 2839
+(52) 523 757 2936
+(52) 507 472 3193
+(52) 194 728 3958
+(52) 796 121 2546
+(52) 221 434 2859
+(52) 882 755 9253
+(52) 471 909 1769
+(52) 677 112 5780
+(52) 988 503 3865
+(52) 764 177 6394
+(52) 103 799 5485
+(52) 677 754 5971
+(52) 863 741 5885
+(52) 809 819 7894
+(52) 608 147 7548
+(52) 961 486 2622
+(52) 371 260 8929
+(52) 559 353 4323
+(52) 564 572 9390
+(52) 919 686 1315
+(52) 708 928 9019
+(52) 665 721 2410
+(52) 129 180 9429
+(52) 701 629 4977
+(52) 863 608 8074
+(52) 198 534 1896
+(52) 914 304 1050
+(52) 147 697 3392
+(52) 427 491 5629
+(52) 981 240 5025
+(52) 466 588 5089
+(52) 613 322 1694
+(52) 811 809 9213
+(52) 632 897 2590
+(52) 516 106 6557
+(52) 416 444 6070
+(52) 479 518 8933
+(52) 650 391 5796
+(52) 663 922 1969
+(52) 184 283 4861
+(52) 261 115 5795
+(52) 609 354 5484
+(52) 630 330 9406
+(52) 547 253 3629
+(52) 971 496 6235
+(52) 281 117 8496
+(52) 575 476 6311
+(52) 860 340 9120
+(52) 598 601 7942
+(52) 864 659 5612
+(52) 767 602 6311
+(52) 750 524 6902
+(52) 514 640 9279
+(52) 269 264 3827
+(52) 364 896 7522
+(52) 453 828 3925
+(52) 521 323 8951
+(52) 447 218 8073
+(52) 683 988 2295
+(52) 561 855 5508
+(52) 873 317 4873
+(52) 943 395 7115
+(52) 429 923 9743
+(52) 330 885 6815
+(52) 834 150 2446
+(52) 454 550 9892
+(52) 345 820 7860
+(52) 502 402 9621
+(52) 307 633 1711
+(52) 960 403 6441
+(52) 124 889 9950
+(52) 568 718 6620
+(52) 642 269 9711
+(52) 167 521 9910
+(52) 336 754 8742
+(52) 595 228 5832
+(52) 107 748 3960
+(52) 249 589 6056
+(52) 849 234 4530
+(52) 925 575 3579
+(52) 312 371 3832
+(52) 931 492 2389
+(52) 266 285 4835
+(52) 884 240 7247
+(52) 455 507 1417
+(52) 946 953 7772
+(52) 341 146 2559
+(52) 563 383 1161
+(52) 936 141 2570
+(52) 977 651 8422
+(52) 179 298 1957
+(52) 367 303 6264
+(52) 284 891 4052
+(52) 522 733 6859
+(52) 171 722 1517
+(52) 728 880 2369
+(52) 571 632 5011
+(52) 865 133 7117
+(52) 304 224 3834
+(52) 579 746 1516
+(52) 446 311 5690
+(52) 705 332 4692
+(52) 850 156 6871
+(52) 582 132 3624
+(52) 400 736 4876
+(52) 350 621 7948
+(52) 839 504 2010
+(52) 100 168 1562
+(52) 711 893 5730
+(52) 871 508 1315
+(52) 820 487 9956
+(52) 684 755 8175
+(52) 111 104 9486
+(52) 633 992 5994
+(52) 927 831 6518
+(52) 668 559 4022
+(52) 317 209 5692
+(52) 522 335 9502
+(52) 546 942 1303
+(52) 912 826 3843
+(52) 892 452 9828
+(52) 339 764 9191
+(52) 556 612 5002
+(52) 478 530 3620
+(52) 537 663 5197
+(52) 921 739 2544
+(52) 676 149 7495
+(52) 847 115 1393
+(52) 629 915 1048
+(52) 235 680 7796
+(52) 453 358 5211
+(52) 409 795 1507
+(52) 261 937 1322
+(52) 276 228 9193
+(52) 830 453 3821
+(52) 800 378 5957
+(52) 672 248 1944
+(52) 633 252 2061
+(52) 234 903 2736
+(52) 133 195 3457
+(52) 717 673 9824
+(52) 135 135 2067
+(52) 921 774 5026
+(52) 734 253 9775
+(52) 377 234 6150
+(52) 438 672 2576
+(52) 127 436 5483
+(52) 700 827 8938
+(52) 178 185 2343
+(52) 938 652 2074
+(52) 305 255 4126
+(52) 546 914 1912
+(52) 693 845 2885
+(52) 183 408 6983
+(52) 499 233 1090
+(52) 211 803 2343
+(52) 173 178 2501
+(52) 782 733 8067
+(52) 165 638 6099
+(52) 804 620 3440
+(52) 541 424 6550
+(52) 261 169 3906
+(52) 800 370 9693
+(52) 327 316 5119
+(52) 346 707 2074
+(52) 435 326 5919
+(52) 949 293 7545
+(52) 252 563 5690
+(52) 992 965 5620
+(52) 806 601 5254
+(52) 404 460 8821
+(52) 580 170 5258
+(52) 108 393 1014
+(52) 673 192 6094
+(52) 856 646 8118
+(52) 249 499 7684
+(52) 411 916 1843
+(52) 825 238 1992
+(52) 928 751 3698
+(52) 589 670 9630
+(52) 541 629 1297
+(52) 417 249 5463
+(52) 455 256 1903
+(52) 393 244 6998
+(52) 172 482 9958
+(52) 907 949 1341
+(52) 259 583 4006
+(52) 517 740 7043
+(52) 318 377 5749
+(52) 245 107 8602
+(52) 451 188 5317
+(52) 621 458 2901
+(52) 556 320 3062
+(52) 943 340 4777
+(52) 343 660 6023
+(52) 815 610 8760
+(52) 632 635 7451
+(52) 315 384 9987
+(52) 341 702 6422
+(52) 562 974 7100
+(52) 961 305 9006
+(52) 786 681 7074
+(52) 347 828 6824
+(52) 777 771 4056
+(52) 792 950 4763
+(52) 270 968 4797
+(52) 733 864 9416
+(52) 935 492 5630
+(52) 436 805 9298
+(52) 500 740 8771
+(52) 137 406 8880
+(52) 749 309 6355
+(52) 214 258 9911
+(52) 442 979 9281
+(52) 324 604 2772
+(52) 479 971 9278
+(52) 304 294 3291
+(52) 463 210 2053
+(52) 731 390 1202
+(52) 983 269 8541
+(52) 949 429 1946
+(52) 590 422 7634
+(52) 445 983 3627
+(52) 952 895 5293
+(52) 916 101 9859
+(52) 397 520 6762
+(52) 589 225 7241
+(52) 385 887 6296
+(52) 445 742 7005
+(52) 605 924 2932
+(52) 969 974 3312
+(52) 443 865 3679
+(52) 409 560 6688
+(52) 926 540 2567
+(52) 873 605 7867
+(52) 517 404 4545
+(52) 199 326 5533
+(52) 187 425 3333
+(52) 290 458 8650
+(52) 647 283 5531
+(52) 737 198 8237
+(52) 845 800 5512
+(52) 163 210 6535
